start=9381.664000
volume=80.000000
fullscreen=yes
ontop=yes
aid=1
