start=3668.415000
volume=95.000000
fullscreen=yes
ontop=yes
sid=1
