start=181.625000
volume=95.000000
ontop=yes
