start=1426.803000
volume=110.000000
fullscreen=yes
ontop=yes
aid=2
sid=2
