start=3188.248000
volume=105.000000
fullscreen=yes
ontop=yes
aid=2
sid=1
