start=9045.166667
volume=130.000000
ontop=yes
contrast=5
saturation=10
sub-visibility=no
