start=3387.843000
volume=95.000000
fullscreen=yes
ontop=yes
sid=1
