start=2378.640000
volume=105.000000
ontop=yes
