start=3517.097000
volume=110.000000
ontop=yes
sid=1
