start=9848.625000
volume=90.000000
fullscreen=yes
ontop=yes
brightness=5
vid=1
video-aspect-override=2.210000
