start=3472.240000
volume=85.000000
fullscreen=yes
ontop=yes
aid=2
