start=177.552375
volume=80.000000
ontop=yes
