start=7338.622833
volume=130.000000
ontop=yes
