start=2428.771000
volume=70.000000
ontop=yes
