start=12492.521708
speed=0.600000
volume=130.000000
fullscreen=yes
ontop=yes
video-aspect-override=1.333333
