start=5084.503000
volume=105.000000
fullscreen=yes
ontop=yes
sid=4
