start=5.137000
volume=105.000000
ontop=yes
sid=4
