start=4697.272000
volume=110.000000
ontop=yes
