start=3436.371000
volume=60.000000
fullscreen=yes
ontop=yes
aid=2
