start=776.916667
volume=55.000000
fullscreen=yes
ontop=yes
contrast=15
saturation=-5
aid=1
