start=3298.212000
volume=90.000000
ontop=yes
