start=2511.551293
volume=85.000000
fullscreen=yes
ontop=yes
aid=1
