start=3181.178000
volume=85.000000
fullscreen=yes
ontop=yes
contrast=10
saturation=15
