start=874.165000
volume=55.000000
ontop=yes
