start=58.538240
volume=75.000000
ontop=yes
