start=2818.879000
volume=70.000000
fullscreen=yes
ontop=yes
aid=2
