start=3012.197000
volume=110.000000
fullscreen=yes
ontop=yes
aid=2
